<?xml version="1.0"?>
<opencv_storage>
<corner1>
  202. 71.</corner1>
<corner2>
  1341. 81.</corner2>
<corner3>
  138. 1464.</corner3>
<corner4>
  1367. 1512.</corner4>
<R>
  <_ type_id="opencv-matrix">
    <rows>3</rows>
    <cols>3</cols>
    <dt>f</dt>
    <data>
      9.99767721e-01 -2.10651550e-02 -4.54993732e-03 2.12181695e-02
      9.99100685e-01 3.67100760e-02 3.77256796e-03 -3.67980599e-02
      9.99315619e-01</data></_>
  <_ type_id="opencv-matrix">
    <rows>3</rows>
    <cols>3</cols>
    <dt>f</dt>
    <data>
      -9.94479477e-01 1.02421818e-02 1.04429573e-01 9.43015888e-03
      -9.82474029e-01 1.86161608e-01 1.04506031e-01 1.86118692e-01
      9.76953685e-01</data></_>
  <_ type_id="opencv-matrix">
    <rows>3</rows>
    <cols>3</cols>
    <dt>f</dt>
    <data>
      -9.99367177e-01 4.46990691e-03 -3.52855474e-02 -9.26499628e-03
      -9.90538001e-01 1.36926368e-01 -3.43396552e-02 1.37166649e-01
      9.89952624e-01</data></_>
  <_ type_id="opencv-matrix">
    <rows>3</rows>
    <cols>3</cols>
    <dt>f</dt>
    <data>
      9.97632265e-01 2.36060210e-02 -6.45940900e-02 -2.11443454e-02
      9.99033749e-01 3.85318249e-02 6.54412434e-02 -3.70747894e-02
      9.97167468e-01</data></_></R>
<K>
  <_ type_id="opencv-matrix">
    <rows>3</rows>
    <cols>3</cols>
    <dt>d</dt>
    <data>
      6.4817275067353312e+03 0. 6.1281912469999986e+02 0.
      5.1833968003036807e+03 1.9430902349409914e+03 0. 0. 1.</data></_>
  <_ type_id="opencv-matrix">
    <rows>3</rows>
    <cols>3</cols>
    <dt>d</dt>
    <data>
      6.2944919512666384e+03 0. 7.6774911026461086e+02 0.
      4.9115680341208035e+03 2.7734316702956539e+02 0. 0. 1.</data></_>
  <_ type_id="opencv-matrix">
    <rows>3</rows>
    <cols>3</cols>
    <dt>d</dt>
    <data>
      6.1122908644263034e+03 0. 3.0318911619375358e+03 0.
      4.8913681726845280e+03 5.0577003271595146e+02 0. 0. 1.</data></_>
  <_ type_id="opencv-matrix">
    <rows>3</rows>
    <cols>3</cols>
    <dt>d</dt>
    <data>
      6.0505338447914919e+03 0. -1.0832987438288665e+03 0.
      4.9991123831529885e+03 1.8820641082855757e+03 0. 0. 1.</data></_></K>
</opencv_storage>
